Name	Raw_1	Raw_2	Derep_1	Derep_2	Bmtagger_1	Bmtagger_2	Trimmo_1	Trimmo_2	Trimmo_solo_1	Trimmo_solo_2
SRR2187355	5927272.0	5927272.0	5917097.0	5917097.0	5915330.0	5915330.0	4451229.0	4451229.0	483452.0	201935.0
SRR2189226	5311341.0	5311341.0	5303263.0	5303263.0	5302470.0	5302470.0	4058567.0	4058567.0	434788.0	173249.0
SRR2187351	5885026.0	5885026.0	5875585.0	5875585.0	5874473.0	5874473.0	4318619.0	4318619.0	493808.0	194803.0
SRR2187352	550378.0	550378.0	549657.0	549657.0	420532.0	420532.0	229396.0	229396.0	31491.0	10133.0
SRR2193858	5593418.0	5593418.0	5583851.0	5583851.0	5583007.0	5583007.0	4210382.0	4210382.0	460024.0	175007.0
SRR2193432	5829813.0	5829813.0	5819952.0	5819952.0	5818042.0	5818042.0	4346277.0	4346277.0	471803.0	193218.0
SRR2187350	5355068.0	5355068.0	5346971.0	5346971.0	5345178.0	5345178.0	3998401.0	3998401.0	429024.0	186711.0
SRR2193525	6239130.0	6239130.0	6226311.0	6226311.0	6224418.0	6224418.0	4703116.0	4703116.0	490181.0	211815.0
SRR2187353	6750012.0	6750012.0	6738977.0	6738977.0	6737433.0	6737433.0	5008283.0	5008283.0	595706.0	220377.0
SRR2193766	5187040.0	5187040.0	5177832.0	5177832.0	5176843.0	5176843.0	3960433.0	3960433.0	408035.0	172781.0
SRR2189225	6252662.0	6252662.0	6241948.0	6241948.0	6240625.0	6240625.0	4691239.0	4691239.0	485526.0	213448.0
SRR2193919	6272519.0	6272519.0	6260111.0	6260111.0	6258418.0	6258418.0	4740376.0	4740376.0	485723.0	209693.0
SRR2187349	348291.0	348291.0	347952.0	347952.0	215598.0	215598.0	73032.0	73032.0	13391.0	3969.0
SRR2187348	7387099.0	7387099.0	7372082.0	7372082.0	7368475.0	7368475.0	5312151.0	5312151.0	612289.0	268704.0
SRR2187356	4964116.0	4964116.0	4956618.0	4956618.0	4952108.0	4952108.0	3650901.0	3650901.0	414312.0	160727.0
SRR2187354	6060648.0	6060648.0	6052026.0	6052026.0	6049218.0	6049218.0	4462770.0	4462770.0	488138.0	204728.0
SRR2193539	4768716.0	4768716.0	4760965.0	4760965.0	4760136.0	4760136.0	3594412.0	3594412.0	377724.0	167359.0
SRR2193889	2960644.0	2960644.0	2956579.0	2956579.0	2881884.0	2881884.0	2154067.0	2154067.0	226385.0	96795.0
SRR2193944	2320899.0	2320899.0	2317027.0	2317027.0	2212496.0	2212496.0	1639906.0	1639906.0	172637.0	69167.0
SRR2193362	902462.0	902462.0	901169.0	901169.0	758375.0	758375.0	486056.0	486056.0	57262.0	21297.0
SRR2191162	6621655.0	6621655.0	6612747.0	6612747.0	6609931.0	6609931.0	4864307.0	4864307.0	585892.0	228231.0
SRR2191104	5703854.0	5703854.0	5691751.0	5691751.0	5660440.0	5660440.0	4242374.0	4242374.0	453807.0	203358.0
SRR2191120	5906414.0	5906414.0	5896822.0	5896822.0	5895631.0	5895631.0	4389077.0	4389077.0	528758.0	189824.0
SRR2191167	5996599.0	5996599.0	5988940.0	5988940.0	5987056.0	5987056.0	4333942.0	4333942.0	494810.0	199664.0
SRR2193357	3453939.0	3453939.0	3448588.0	3448588.0	3379853.0	3379853.0	2492755.0	2492755.0	279515.0	107522.0
SRR2191118	5291164.0	5291164.0	5281748.0	5281748.0	5280070.0	5280070.0	4017348.0	4017348.0	445746.0	168648.0
SRR2191481	5806391.0	5806391.0	5796584.0	5796584.0	5795471.0	5795471.0	4288398.0	4288398.0	479031.0	190358.0
SRR2193568	5968877.0	5968877.0	5955206.0	5955206.0	5954065.0	5954065.0	4425014.0	4425014.0	485284.0	219288.0
SRR2193823	5890237.0	5890237.0	5881922.0	5881922.0	5880749.0	5880749.0	4334526.0	4334526.0	523549.0	199927.0
SRR2193932	5010633.0	5010633.0	5001858.0	5001858.0	4969084.0	4969084.0	3737979.0	3737979.0	393308.0	177199.0
SRR2221489	5135642.0	5135642.0	5129103.0	5129103.0	5127606.0	5127606.0	4290896.0	4290896.0	247393.0	152550.0
SRR2221483	5134317.0	5134317.0	5126496.0	5126496.0	5124969.0	5124969.0	4302509.0	4302509.0	237478.0	153017.0
SRR2221885	5213906.0	5213906.0	5204903.0	5204903.0	5203395.0	5203395.0	4285326.0	4285326.0	271780.0	163566.0
SRR2221751	5059045.0	5059045.0	5050305.0	5050305.0	5048735.0	5048735.0	4242961.0	4242961.0	239415.0	146649.0
SRR2194602	6247339.0	6247339.0	6236376.0	6236376.0	6235235.0	6235235.0	4679483.0	4679483.0	509718.0	215616.0
SRR2221749	5169104.0	5169104.0	5162368.0	5162368.0	5160642.0	5160642.0	4222894.0	4222894.0	280097.0	160098.0
SRR2221880	5041250.0	5041250.0	5035456.0	5035456.0	5033849.0	5033849.0	4196722.0	4196722.0	244146.0	148919.0
SRR2221486	4972902.0	4972902.0	4966532.0	4966532.0	4964849.0	4964849.0	4143824.0	4143824.0	244969.0	143418.0
SRR2221687	5053536.0	5053536.0	5048752.0	5048752.0	5047040.0	5047040.0	4195599.0	4195599.0	253241.0	149591.0
SRR2223599	5166677.0	5166677.0	5161885.0	5161885.0	5160817.0	5160817.0	4219416.0	4219416.0	301743.0	155274.0
SRR2223748	5149948.0	5149948.0	5144274.0	5144274.0	5143200.0	5143200.0	4221168.0	4221168.0	289443.0	153679.0
SRR2223923	5075677.0	5075677.0	5069162.0	5069162.0	5068073.0	5068073.0	4161012.0	4161012.0	290948.0	148875.0
SRR2224038	5269525.0	5269525.0	5262852.0	5262852.0	5261785.0	5261785.0	4235523.0	4235523.0	328125.0	165813.0
SRR2223862	413544.0	413544.0	413066.0	413066.0	311219.0	311219.0	210300.0	210300.0	16490.0	7639.0
SRR2223678	433926.0	433926.0	433441.0	433441.0	328259.0	328259.0	213732.0	213732.0	18650.0	8709.0
SRR2223611	420923.0	420923.0	420597.0	420597.0	318606.0	318606.0	214195.0	214195.0	17484.0	8171.0
SRR2223569	419214.0	419214.0	418803.0	418803.0	316797.0	316797.0	213355.0	213355.0	16763.0	8202.0
SRR2199567	5489002.0	5489002.0	5481020.0	5481020.0	5480098.0	5480098.0	4105110.0	4105110.0	452623.0	184142.0
SRR2223614	5233219.0	5233219.0	5225148.0	5225148.0	5223489.0	5223489.0	4258162.0	4258162.0	281449.0	161244.0
SRR2223610	5123849.0	5123849.0	5118063.0	5118063.0	5116411.0	5116411.0	4235792.0	4235792.0	254154.0	150790.0
SRR2223885	5106211.0	5106211.0	5099393.0	5099393.0	5097778.0	5097778.0	4232739.0	4232739.0	243857.0	150630.0
SRR2223679	5040940.0	5040940.0	5033357.0	5033357.0	5031675.0	5031675.0	4180391.0	4180391.0	245110.0	145267.0
SRR2198982	10877115.0	10877115.0	10849702.0	10849702.0	10847104.0	10847104.0	8194081.0	8194081.0	901967.0	350212.0
SRR2199220	6362957.0	6362957.0	6349371.0	6349371.0	6339144.0	6339144.0	4683209.0	4683209.0	561510.0	196460.0
SRR2221882	2532106.0	2532106.0	2529016.0	2529016.0	2454419.0	2454419.0	2034992.0	2034992.0	118674.0	68400.0
SRR2221865	2597788.0	2597788.0	2594157.0	2594157.0	2517926.0	2517926.0	2044939.0	2044939.0	136536.0	73540.0
SRR2221666	2498387.0	2498387.0	2494993.0	2494993.0	2420249.0	2420249.0	2008274.0	2008274.0	119509.0	65433.0
SRR2221495	2547382.0	2547382.0	2544752.0	2544752.0	2470211.0	2470211.0	2041918.0	2041918.0	123375.0	68759.0
SRR2199346	5364151.0	5364151.0	5355461.0	5355461.0	5354347.0	5354347.0	4036430.0	4036430.0	432983.0	173130.0
SRR2221494	4989381.0	4989381.0	4979982.0	4979982.0	4978989.0	4978989.0	4021675.0	4021675.0	285011.0	164090.0
SRR2221637	4926195.0	4926195.0	4918279.0	4918279.0	4917296.0	4917296.0	4048578.0	4048578.0	251880.0	154851.0
SRR2221723	4933606.0	4933606.0	4926891.0	4926891.0	4925922.0	4925922.0	4042364.0	4042364.0	262366.0	154938.0
SRR2221879	4853774.0	4853774.0	4844956.0	4844956.0	4843910.0	4843910.0	3990210.0	3990210.0	253600.0	149305.0
SRR2194935	5542146.0	5542146.0	5533938.0	5533938.0	5532611.0	5532611.0	4134214.0	4134214.0	469681.0	177884.0
SRR2221896	5223198.0	5223198.0	5216477.0	5216477.0	5215519.0	5215519.0	4334652.0	4334652.0	257426.0	158927.0
SRR2221610	5209943.0	5209943.0	5204196.0	5204196.0	5203310.0	5203310.0	4310056.0	4310056.0	267166.0	158527.0
SRR2221497	5141808.0	5141808.0	5134297.0	5134297.0	5133301.0	5133301.0	4268591.0	4268591.0	257578.0	152758.0
SRR2221470	5284590.0	5284590.0	5276946.0	5276946.0	5276008.0	5276008.0	4305911.0	4305911.0	291081.0	168972.0
SRR2223745	4695005.0	4695005.0	4690192.0	4690192.0	4689495.0	4689495.0	3919882.0	3919882.0	237047.0	129811.0
SRR2224046	4612234.0	4612234.0	4605793.0	4605793.0	4605030.0	4605030.0	3865468.0	3865468.0	229367.0	123764.0
SRR2224053	4679023.0	4679023.0	4673322.0	4673322.0	4672681.0	4672681.0	3918568.0	3918568.0	228058.0	129711.0
SRR2224055	4778124.0	4778124.0	4771327.0	4771327.0	4770642.0	4770642.0	3924179.0	3924179.0	262766.0	139179.0
SRR2199612	5728906.0	5728906.0	5720601.0	5720601.0	5718641.0	5718641.0	4300290.0	4300290.0	461092.0	193167.0
SRR2221831	5194702.0	5194702.0	5186927.0	5186927.0	5185477.0	5185477.0	4250952.0	4250952.0	285085.0	163194.0
SRR2221492	5017552.0	5017552.0	5010136.0	5010136.0	5008665.0	5008665.0	4190524.0	4190524.0	249585.0	146835.0
SRR2221621	5088155.0	5088155.0	5081571.0	5081571.0	5080132.0	5080132.0	4247478.0	4247478.0	247428.0	152016.0
SRR2221748	5104200.0	5104200.0	5098575.0	5098575.0	5097169.0	5097169.0	4246923.0	4246923.0	258707.0	152925.0
SRR2194943	4937385.0	4937385.0	4927553.0	4927553.0	4880974.0	4880974.0	3658918.0	3658918.0	399595.0	165300.0
SRR2194042	3032163.0	3032163.0	3027211.0	3027211.0	2935322.0	2935322.0	2175937.0	2175937.0	236260.0	91044.0
SRR2198979	6887076.0	6887076.0	6875564.0	6875564.0	6871220.0	6871220.0	5107486.0	5107486.0	556867.0	235435.0
SRR2198950	5943334.0	5943334.0	5934160.0	5934160.0	5932770.0	5932770.0	4323265.0	4323265.0	514529.0	206600.0
SRR2194622	5095085.0	5095085.0	5087802.0	5087802.0	5086433.0	5086433.0	3793747.0	3793747.0	422368.0	173896.0
SRR2199670	5612914.0	5612914.0	5604150.0	5604150.0	5603168.0	5603168.0	4154392.0	4154392.0	478243.0	179041.0
SRR2194056	6341906.0	6341906.0	6331926.0	6331926.0	6329404.0	6329404.0	4716779.0	4716779.0	495551.0	234142.0
SRR2194980	5729052.0	5729052.0	5719233.0	5719233.0	5718290.0	5718290.0	4345744.0	4345744.0	453688.0	193409.0
SRR2194076	7005062.0	7005062.0	6992742.0	6992742.0	6991429.0	6991429.0	5283028.0	5283028.0	572741.0	232531.0
SRR2199667	5728840.0	5728840.0	5720764.0	5720764.0	5719799.0	5719799.0	4270472.0	4270472.0	467274.0	199049.0
SRR2194874	5875556.0	5875556.0	5865768.0	5865768.0	5864918.0	5864918.0	4481850.0	4481850.0	476125.0	196931.0
SRR2227830	6428689.0	6428689.0	6420518.0	6420518.0	6417521.0	6417521.0	5148303.0	5148303.0	337535.0	206385.0
SRR2227862	6437017.0	6437017.0	6426996.0	6426996.0	6423879.0	6423879.0	5172017.0	5172017.0	323494.0	205312.0
SRR2227867	6512537.0	6512537.0	6501089.0	6501089.0	6498068.0	6498068.0	5134340.0	5134340.0	366635.0	218136.0
SRR2227900	6339420.0	6339420.0	6328353.0	6328353.0	6325396.0	6325396.0	5094505.0	5094505.0	325369.0	198402.0
SRR2237793	4598283.0	4598283.0	4591964.0	4591964.0	4591064.0	4591064.0	3874586.0	3874586.0	217872.0	132107.0
SRR2237498	4733480.0	4733480.0	4725798.0	4725798.0	4724910.0	4724910.0	3915941.0	3915941.0	251228.0	143790.0
SRR2237653	4543536.0	4543536.0	4536449.0	4536449.0	4535541.0	4535541.0	3831035.0	3831035.0	219147.0	127420.0
SRR2236773	4618295.0	4618295.0	4612918.0	4612918.0	4612040.0	4612040.0	3879897.0	3879897.0	225993.0	133103.0
SRR2243803	4488497.0	4488497.0	4484299.0	4484299.0	4483150.0	4483150.0	3703631.0	3703631.0	240329.0	133332.0
SRR2244468	4479928.0	4479928.0	4474948.0	4474948.0	4473815.0	4473815.0	3712342.0	3712342.0	230854.0	133323.0
SRR2243583	4586007.0	4586007.0	4580102.0	4580102.0	4578928.0	4578928.0	3723383.0	3723383.0	264114.0	141628.0
SRR2243549	4421019.0	4421019.0	4415338.0	4415338.0	4414176.0	4414176.0	3665829.0	3665829.0	232020.0	126987.0
SRR2246741	5676299.0	5676299.0	5668347.0	5668347.0	5665941.0	5665941.0	4605378.0	4605378.0	304841.0	189661.0
SRR2244772	5567175.0	5567175.0	5561485.0	5561485.0	5559222.0	5559222.0	4592154.0	4592154.0	277602.0	177420.0
SRR2244009	5552382.0	5552382.0	5545620.0	5545620.0	5543257.0	5543257.0	4597398.0	4597398.0	265317.0	176660.0
SRR2243655	5473918.0	5473918.0	5466277.0	5466277.0	5463929.0	5463929.0	4534259.0	4534259.0	265674.0	170045.0
SRR2243657	5033825.0	5033825.0	5026777.0	5026777.0	5025449.0	5025449.0	4217533.0	4217533.0	227682.0	146441.0
SRR2245337	5119729.0	5119729.0	5111440.0	5111440.0	5110007.0	5110007.0	4208233.0	4208233.0	262773.0	156967.0
SRR2245536	5043282.0	5043282.0	5037240.0	5037240.0	5035875.0	5035875.0	4211925.0	4211925.0	237725.0	146867.0
SRR2243534	4967576.0	4967576.0	4959796.0	4959796.0	4958304.0	4958304.0	4162168.0	4162168.0	230118.0	140656.0
SRR2227818	4912603.0	4912603.0	4906666.0	4906666.0	4905871.0	4905871.0	4145126.0	4145126.0	234924.0	144539.0
SRR2227885	4913571.0	4913571.0	4908584.0	4908584.0	4907796.0	4907796.0	4133187.0	4133187.0	242554.0	144462.0
SRR2227853	4984726.0	4984726.0	4977855.0	4977855.0	4977067.0	4977067.0	4129488.0	4129488.0	267084.0	153870.0
SRR2227842	4840476.0	4840476.0	4833825.0	4833825.0	4833002.0	4833002.0	4086157.0	4086157.0	235794.0	138360.0
SRR2227814	4606748.0	4606748.0	4602044.0	4602044.0	4601031.0	4601031.0	3841089.0	3841089.0	229915.0	131846.0
SRR2227946	4704754.0	4704754.0	4698033.0	4698033.0	4696963.0	4696963.0	3857710.0	3857710.0	253853.0	141245.0
SRR2227953	4593241.0	4593241.0	4587572.0	4587572.0	4586562.0	4586562.0	3841702.0	3841702.0	221845.0	131363.0
SRR2227978	4528207.0	4528207.0	4521791.0	4521791.0	4520848.0	4520848.0	3790080.0	3790080.0	222631.0	125094.0
SRR2237776	5145578.0	5145578.0	5140121.0	5140121.0	5139126.0	5139126.0	4241559.0	4241559.0	298050.0	147002.0
SRR2237807	5126469.0	5126469.0	5120188.0	5120188.0	5119122.0	5119122.0	4238966.0	4238966.0	287453.0	147006.0
SRR2236841	5254707.0	5254707.0	5247247.0	5247247.0	5246117.0	5246117.0	4262256.0	4262256.0	325948.0	158599.0
SRR2237095	5058204.0	5058204.0	5050985.0	5050985.0	5049958.0	5049958.0	4182455.0	4182455.0	290538.0	141980.0
SRR2227822	5926161.0	5926161.0	5918539.0	5918539.0	5917390.0	5917390.0	4947924.0	4947924.0	294280.0	173181.0
SRR2227932	6025476.0	6025476.0	6016671.0	6016671.0	6015470.0	6015470.0	4939524.0	4939524.0	333917.0	184615.0
SRR2227919	5938774.0	5938774.0	5932357.0	5932357.0	5931254.0	5931254.0	4944659.0	4944659.0	305026.0	172986.0
SRR2227949	5842018.0	5842018.0	5833491.0	5833491.0	5832313.0	5832313.0	4882879.0	4882879.0	295311.0	165176.0
SRR2237582	4040184.0	4040184.0	4034415.0	4034415.0	4033659.0	4033659.0	3370921.0	3370921.0	201102.0	120064.0
SRR2237477	4209583.0	4209583.0	4203645.0	4203645.0	4202967.0	4202967.0	3441186.0	3441186.0	230764.0	135522.0
SRR2236827	4056331.0	4056331.0	4051251.0	4051251.0	4050541.0	4050541.0	3382112.0	3382112.0	199077.0	123512.0
SRR2231383	4089609.0	4089609.0	4085279.0	4085279.0	4084586.0	4084586.0	3400120.0	3400120.0	207720.0	125090.0
SRR2244169	5517298.0	5517298.0	5511873.0	5511873.0	5510685.0	5510685.0	4547930.0	4547930.0	309755.0	162385.0
SRR2244182	5562466.0	5562466.0	5555313.0	5555313.0	5554111.0	5554111.0	4510860.0	4510860.0	336240.0	170550.0
SRR2244755	5414530.0	5414530.0	5407521.0	5407521.0	5406288.0	5406288.0	4481001.0	4481001.0	299720.0	154754.0
SRR2244708	5497612.0	5497612.0	5491428.0	5491428.0	5490157.0	5490157.0	4549083.0	4549083.0	298364.0	161500.0
SRR2244294	4347323.0	4347323.0	4340738.0	4340738.0	4313447.0	4313447.0	3539923.0	3539923.0	230156.0	141388.0
SRR2237603	4203499.0	4203499.0	4197092.0	4197092.0	4170386.0	4170386.0	3493713.0	3493713.0	200647.0	127701.0
SRR2243898	5499037.0	5499037.0	5490780.0	5490780.0	5489584.0	5489584.0	4570369.0	4570369.0	260677.0	158073.0
SRR2237518	4279611.0	4279611.0	4274760.0	4274760.0	4248055.0	4248055.0	3543045.0	3543045.0	209197.0	132244.0
SRR2244606	5571479.0	5571479.0	5565330.0	5565330.0	5564146.0	5564146.0	4614562.0	4614562.0	269930.0	164201.0
SRR2245616	4117910.0	4117910.0	4111987.0	4111987.0	4075206.0	4075206.0	3404737.0	3404737.0	199997.0	123098.0
SRR2245559	4190739.0	4190739.0	4183732.0	4183732.0	4145318.0	4145318.0	3393546.0	3393546.0	228669.0	131220.0
SRR2243811	4126524.0	4126524.0	4121355.0	4121355.0	4084538.0	4084538.0	3398574.0	3398574.0	209483.0	123044.0
SRR2244495	4053620.0	4053620.0	4046893.0	4046893.0	4010044.0	4010044.0	3351507.0	3351507.0	201102.0	117933.0
SRR2237687	5453450.0	5453450.0	5448297.0	5448297.0	5445813.0	5445813.0	4416317.0	4416317.0	280346.0	161197.0
SRR2237425	5378530.0	5378530.0	5371631.0	5371631.0	5369040.0	5369040.0	4368564.0	4368564.0	269340.0	154123.0
SRR2237785	5581980.0	5581980.0	5574712.0	5574712.0	5572129.0	5572129.0	4459003.0	4459003.0	307735.0	172877.0
SRR2236758	5450883.0	5450883.0	5444789.0	5444789.0	5442219.0	5442219.0	4420540.0	4420540.0	269046.0	160552.0
SRR2245677	5951201.0	5951201.0	5944548.0	5944548.0	5941072.0	5941072.0	4912519.0	4912519.0	297981.0	180435.0
SRR2244035	6049400.0	6049400.0	6040212.0	6040212.0	6036506.0	6036506.0	4911068.0	4911068.0	326864.0	192941.0
SRR2237579	5040280.0	5040280.0	5033831.0	5033831.0	5032825.0	5032825.0	4190318.0	4190318.0	254559.0	150066.0
SRR2236818	5125197.0	5125197.0	5120309.0	5120309.0	5119424.0	5119424.0	4241945.0	4241945.0	265467.0	155619.0
SRR2236779	5101170.0	5101170.0	5095375.0	5095375.0	5094492.0	5094492.0	4238201.0	4238201.0	254007.0	154483.0
SRR2236874	5269577.0	5269577.0	5262573.0	5262573.0	5261661.0	5261661.0	4291086.0	4291086.0	292970.0	167213.0
SRR2245620	4650592.0	4650592.0	4644492.0	4644492.0	4643536.0	4643536.0	3836769.0	3836769.0	246571.0	129491.0
SRR2244216	4801400.0	4801400.0	4795103.0	4795103.0	4794116.0	4794116.0	3882400.0	3882400.0	279278.0	144054.0
SRR2243859	4725269.0	4725269.0	4719737.0	4719737.0	4718804.0	4718804.0	3894944.0	3894944.0	245700.0	135029.0
SRR2243662	4729798.0	4729798.0	4725016.0	4725016.0	4724050.0	4724050.0	3886972.0	3886972.0	254631.0	135597.0
SRR2236892	5403883.0	5403883.0	5396110.0	5396110.0	5395070.0	5395070.0	4296900.0	4296900.0	315661.0	164411.0
SRR2236857	5190405.0	5190405.0	5183149.0	5183149.0	5182135.0	5182135.0	4202044.0	4202044.0	276310.0	145543.0
SRR2237011	2896762.0	2896762.0	2892773.0	2892773.0	2835916.0	2835916.0	2340452.0	2340452.0	146720.0	78629.0
SRR2237356	2947898.0	2947898.0	2944421.0	2944421.0	2887221.0	2887221.0	2381222.0	2381222.0	146842.0	82210.0
SRR2237570	3005632.0	3005632.0	3001375.0	3001375.0	2943154.0	2943154.0	2377686.0	2377686.0	167050.0	88722.0
SRR2237708	2948121.0	2948121.0	2945120.0	2945120.0	2888468.0	2888468.0	2375017.0	2375017.0	151663.0	82099.0
SRR2227977	265820.0	265820.0	265652.0	265652.0	154652.0	154652.0	71110.0	71110.0	9357.0	3646.0
SRR2227838	279212.0	279212.0	278968.0	278968.0	163986.0	163986.0	71420.0	71420.0	9841.0	3696.0
SRR2227834	262784.0	262784.0	262528.0	262528.0	151763.0	151763.0	69833.0	69833.0	9007.0	3517.0
SRR2237405	4821037.0	4821037.0	4814719.0	4814719.0	4813516.0	4813516.0	3984161.0	3984161.0	256132.0	132478.0
SRR2227844	267155.0	267155.0	266957.0	266957.0	155561.0	155561.0	71014.0	71014.0	8997.0	3716.0
SRR2237763	4901480.0	4901480.0	4896773.0	4896773.0	4895524.0	4895524.0	4035061.0	4035061.0	266288.0	138519.0
SRR2236876	5005894.0	5005894.0	4999233.0	4999233.0	4998000.0	4998000.0	4059697.0	4059697.0	291750.0	148418.0
SRR2237224	4895541.0	4895541.0	4889921.0	4889921.0	4888764.0	4888764.0	4043498.0	4043498.0	256158.0	137754.0
SRR2243589	710097.0	710097.0	709310.0	709310.0	596292.0	596292.0	443574.0	443574.0	29030.0	16189.0
SRR2245580	699665.0	699665.0	698837.0	698837.0	586188.0	586188.0	437879.0	437879.0	28907.0	15322.0
SRR2246272	5013805.0	5013805.0	5007144.0	5007144.0	5006244.0	5006244.0	4085749.0	4085749.0	284883.0	154361.0
SRR2246093	4879516.0	4879516.0	4874738.0	4874738.0	4873929.0	4873929.0	4039919.0	4039919.0	257095.0	143422.0
SRR2243985	4801743.0	4801743.0	4795351.0	4795351.0	4794446.0	4794446.0	3990313.0	3990313.0	248818.0	137340.0
SRR2237798	5550101.0	5550101.0	5544350.0	5544350.0	5541934.0	5541934.0	4564270.0	4564270.0	309017.0	170067.0
SRR2237602	5548258.0	5548258.0	5543465.0	5543465.0	5541044.0	5541044.0	4543815.0	4543815.0	320885.0	170316.0
SRR2237332	5462737.0	5462737.0	5456452.0	5456452.0	5453796.0	5453796.0	4494805.0	4494805.0	309061.0	162747.0
SRR2236748	5620834.0	5620834.0	5614251.0	5614251.0	5611750.0	5611750.0	4527352.0	4527352.0	346891.0	180613.0
SRR2237819	4971331.0	4971331.0	4966210.0	4966210.0	4965216.0	4965216.0	4061771.0	4061771.0	256978.0	143821.0
SRR2237564	4880121.0	4880121.0	4873080.0	4873080.0	4872063.0	4872063.0	3999738.0	3999738.0	247661.0	136975.0
SRR2237573	5046369.0	5046369.0	5038789.0	5038789.0	5037774.0	5037774.0	4060249.0	4060249.0	281574.0	153069.0
SRR2237414	4958091.0	4958091.0	4951908.0	4951908.0	4950926.0	4950926.0	4060223.0	4060223.0	246788.0	142654.0
SRR2236839	1933224.0	1933224.0	1930524.0	1930524.0	1845024.0	1845024.0	1529470.0	1529470.0	88993.0	49737.0
SRR2236705	1970206.0	1970206.0	1968187.0	1968187.0	1883063.0	1883063.0	1555012.0	1555012.0	91925.0	52829.0
SRR2237766	1963017.0	1963017.0	1960522.0	1960522.0	1875231.0	1875231.0	1553597.0	1553597.0	88032.0	52357.0
SRR2237493	2010746.0	2010746.0	2007940.0	2007940.0	1919802.0	1919802.0	1559925.0	1559925.0	101010.0	55831.0
SRR2237727	5229893.0	5229893.0	5224799.0	5224799.0	5223206.0	5223206.0	4139751.0	4139751.0	265762.0	150490.0
SRR2236667	5247042.0	5247042.0	5242872.0	5242872.0	5241256.0	5241256.0	4149794.0	4149794.0	278924.0	151165.0
SRR2236520	5392445.0	5392445.0	5386281.0	5386281.0	5384669.0	5384669.0	4208672.0	4208672.0	308001.0	162323.0
SRR2236780	5206178.0	5206178.0	5200343.0	5200343.0	5198739.0	5198739.0	4126071.0	4126071.0	270878.0	145634.0
SRR2243831	4557648.0	4557648.0	4551305.0	4551305.0	4549898.0	4549898.0	3835627.0	3835627.0	227220.0	128302.0
SRR2246343	4652021.0	4652021.0	4644592.0	4644592.0	4643146.0	4643146.0	3844671.0	3844671.0	260290.0	137400.0
SRR2243498	4494080.0	4494080.0	4487088.0	4487088.0	4485658.0	4485658.0	3782483.0	3782483.0	228919.0	123466.0
SRR2232428	4993879.0	4993879.0	4988480.0	4988480.0	4987654.0	4987654.0	4165948.0	4165948.0	246697.0	145681.0
SRR2232385	5083064.0	5083064.0	5075627.0	5075627.0	5074734.0	5074734.0	4176009.0	4176009.0	271786.0	155710.0
SRR2232011	4910437.0	4910437.0	4903437.0	4903437.0	4902547.0	4902547.0	4109873.0	4109873.0	238160.0	139473.0
SRR2231335	4984453.0	4984453.0	4978151.0	4978151.0	4977346.0	4977346.0	4171583.0	4171583.0	236611.0	144623.0
SRR2244714	4635026.0	4635026.0	4628790.0	4628790.0	4627232.0	4627232.0	3850115.0	3850115.0	233767.0	135213.0
SRR2246432	4700036.0	4700036.0	4695339.0	4695339.0	4693904.0	4693904.0	3888745.0	3888745.0	242159.0	140976.0
SRR2247054	4838067.0	4838067.0	4831618.0	4831618.0	4830072.0	4830072.0	3937705.0	3937705.0	267348.0	152194.0
SRR2236840	4964244.0	4964244.0	4955987.0	4955987.0	4930010.0	4930010.0	4127816.0	4127816.0	232083.0	156755.0
SRR2237780	4962843.0	4962843.0	4955994.0	4955994.0	4930173.0	4930173.0	4112962.0	4112962.0	241135.0	156976.0
SRR2237506	4881706.0	4881706.0	4872637.0	4872637.0	4846869.0	4846869.0	4059119.0	4059119.0	232536.0	150990.0
SRR2237548	5040976.0	5040976.0	5031433.0	5031433.0	5005026.0	5005026.0	4109057.0	4109057.0	265382.0	167019.0
SRR2237429	4324410.0	4324410.0	4320232.0	4320232.0	4316600.0	4316600.0	3528171.0	3528171.0	222694.0	125663.0
SRR2246319	4252030.0	4252030.0	4246586.0	4246586.0	4242957.0	4242957.0	3479423.0	3479423.0	215360.0	119792.0
SRR2246437	4401989.0	4401989.0	4396181.0	4396181.0	4392431.0	4392431.0	3535101.0	3535101.0	245579.0	133225.0
SRR2237350	4994916.0	4994916.0	4989146.0	4989146.0	4987987.0	4987987.0	4062534.0	4062534.0	267007.0	152516.0
SRR2244202	4306918.0	4306918.0	4301858.0	4301858.0	4298279.0	4298279.0	3524471.0	3524471.0	212863.0	124772.0
SRR2236877	4997447.0	4997447.0	4992449.0	4992449.0	4991204.0	4991204.0	4047215.0	4047215.0	279460.0	153501.0
SRR2237463	4916824.0	4916824.0	4910408.0	4910408.0	4909294.0	4909294.0	3999024.0	3999024.0	268304.0	146316.0
SRR2237651	5055300.0	5055300.0	5048664.0	5048664.0	5047415.0	5047415.0	4029226.0	4029226.0	301984.0	161494.0
SRR2243797	9447079.0	9447079.0	9428694.0	9428694.0	9426484.0	9426484.0	7886904.0	7886904.0	478995.0	264023.0
SRR2227895	4785010.0	4785010.0	4778850.0	4778850.0	4778118.0	4778118.0	3954993.0	3954993.0	263055.0	145450.0
SRR2227889	4677815.0	4677815.0	4672561.0	4672561.0	4671826.0	4671826.0	3938401.0	3938401.0	228386.0	134646.0
SRR2227849	4610881.0	4610881.0	4604846.0	4604846.0	4604043.0	4604043.0	3883680.0	3883680.0	229936.0	129305.0
SRR2227985	4687585.0	4687585.0	4683223.0	4683223.0	4682446.0	4682446.0	3934785.0	3934785.0	237553.0	135178.0
SRR2227972	2587447.0	2587447.0	2584359.0	2584359.0	2521436.0	2521436.0	2054436.0	2054436.0	133831.0	77527.0
SRR2227839	2521049.0	2521049.0	2518896.0	2518896.0	2458189.0	2458189.0	2035231.0	2035231.0	120632.0	72190.0
SRR2227856	2500256.0	2500256.0	2497635.0	2497635.0	2437113.0	2437113.0	2023311.0	2023311.0	115370.0	71498.0
SRR2227863	2483714.0	2483714.0	2480761.0	2480761.0	2419851.0	2419851.0	2012810.0	2012810.0	115911.0	69319.0
SRR2227865	5262193.0	5262193.0	5252908.0	5252908.0	5244771.0	5244771.0	4246280.0	4246280.0	308098.0	156540.0
SRR2227892	5123004.0	5123004.0	5114018.0	5114018.0	5106144.0	5106144.0	4216665.0	4216665.0	273887.0	141341.0
SRR2227897	5207731.0	5207731.0	5200912.0	5200912.0	5192870.0	5192870.0	4272452.0	4272452.0	283681.0	147573.0
SRR2227881	5200053.0	5200053.0	5192039.0	5192039.0	5183994.0	5183994.0	4278055.0	4278055.0	273122.0	147642.0
SRR2247323	4265857.0	4265857.0	4260114.0	4260114.0	4233445.0	4233445.0	3543301.0	3543301.0	199869.0	132526.0
SRR2247073	5566266.0	5566266.0	5558876.0	5558876.0	5557751.0	5557751.0	4620409.0	4620409.0	259579.0	163456.0
SRR2249082	5733941.0	5733941.0	5725053.0	5725053.0	5723863.0	5723863.0	4674947.0	4674947.0	299778.0	177106.0
SRR2248005	5845811.0	5845811.0	5837077.0	5837077.0	5833364.0	5833364.0	4845507.0	4845507.0	286467.0	172886.0
SRR2247143	5943159.0	5943159.0	5935383.0	5935383.0	5931682.0	5931682.0	4924283.0	4924283.0	285670.0	180185.0
SRR2247123	5227007.0	5227007.0	5220685.0	5220685.0	5219615.0	5219615.0	4225231.0	4225231.0	274454.0	150787.0
SRR2248693	5247803.0	5247803.0	5242275.0	5242275.0	5241276.0	5241276.0	4234399.0	4234399.0	284793.0	152334.0
SRR2248213	726357.0	726357.0	725479.0	725479.0	609690.0	609690.0	443545.0	443545.0	33018.0	17297.0
SRR2248160	710029.0	710029.0	709382.0	709382.0	596715.0	596715.0	443661.0	443661.0	30050.0	16566.0
SRR2247287	4571809.0	4571809.0	4566415.0	4566415.0	4565019.0	4565019.0	3837615.0	3837615.0	237046.0	128770.0
SRR2248467	4864548.0	4864548.0	4858945.0	4858945.0	4858102.0	4858102.0	4039172.0	4039172.0	248265.0	142239.0
SRR2247088	4675023.0	4675023.0	4669430.0	4669430.0	4667943.0	4667943.0	3882638.0	3882638.0	230281.0	140263.0
SRR2247087	9468109.0	9468109.0	9452527.0	9452527.0	9450254.0	9450254.0	7882185.0	7882185.0	496538.0	265777.0
SRR2247080	9625801.0	9625801.0	9604858.0	9604858.0	9602480.0	9602480.0	7885145.0	7885145.0	543747.0	284961.0
SRR2247432	9305053.0	9305053.0	9285315.0	9285315.0	9282956.0	9282956.0	7771335.0	7771335.0	479864.0	255083.0
